image_width: 320
image_height: 240
camera_name: narrow_stereo/right
camera_matrix:
  rows: 3
  cols: 3
  data: [164.32532,   0.     , 162.51311,
           0.     , 165.31048, 132.44287,
           0.     ,   0.     ,   1.     ]
distortion_model: plumb_bob
distortion_coefficients:
  rows: 1
  cols: 5
  data: [-0.278721, 0.054460, 0.001418, 0.005198, 0.000000]
rectification_matrix:
  rows: 3
  cols: 3
  data: [ 0.98552883,  0.01098338, -0.1691517 ,
         -0.01090716,  0.99993956,  0.00137977,
          0.16915664,  0.00048516,  0.98558906]
projection_matrix:
  rows: 3
  cols: 4
  data: [154.91854,   0.     , 230.37761,  -9.65041,
           0.     , 154.91854, 124.61251,   0.     ,
           0.     ,   0.     ,   1.     ,   0.     ]
